  -4.9800000000000000e+02
   1.0000000000000000e+00
   4.9900000000000000e+02
   9.9600000000000000e+02
   1.4920000000000000e+03
   1.9870000000000000e+03
   2.4810000000000000e+03
   2.9740000000000000e+03
   3.4660000000000000e+03
   3.9570000000000000e+03
   4.4470000000000000e+03
   4.9360000000000000e+03
   5.4240000000000000e+03
   5.9110000000000000e+03
   6.3970000000000000e+03
   6.8820000000000000e+03
   7.3660000000000000e+03
   7.8490000000000000e+03
   8.3310000000000000e+03
   8.8120000000000000e+03
   9.2920000000000000e+03
   9.7710000000000000e+03
   1.0249000000000000e+04
   1.0726000000000000e+04
   1.1202000000000000e+04
   1.1677000000000000e+04
   1.2151000000000000e+04
   1.2624000000000000e+04
   1.3096000000000000e+04
   1.3567000000000000e+04
   1.4037000000000000e+04
   1.4506000000000000e+04
   1.4974000000000000e+04
   1.5441000000000000e+04
   1.5907000000000000e+04
   1.6372000000000000e+04
   1.6836000000000000e+04
   1.7299000000000000e+04
   1.7761000000000000e+04
   1.8222000000000000e+04
   1.8682000000000000e+04
   1.9141000000000000e+04
   1.9599000000000000e+04
   2.0056000000000000e+04
   2.0512000000000000e+04
   2.0967000000000000e+04
   2.1421000000000000e+04
   2.1874000000000000e+04
   2.2326000000000000e+04
   2.2777000000000000e+04
   2.3227000000000000e+04
   2.3676000000000000e+04
   2.4124000000000000e+04
   2.4571000000000000e+04
   2.5017000000000000e+04
   2.5462000000000000e+04
   2.5906000000000000e+04
   2.6349000000000000e+04
   2.6791000000000000e+04
   2.7232000000000000e+04
   2.7672000000000000e+04
   2.8111000000000000e+04
   2.8549000000000000e+04
   2.8986000000000000e+04
   2.9422000000000000e+04
   2.9857000000000000e+04
   3.0291000000000000e+04
   3.0724000000000000e+04
   3.1156000000000000e+04
   3.1587000000000000e+04
   3.2017000000000000e+04
   3.2446000000000000e+04
   3.2874000000000000e+04
   3.3301000000000000e+04
   3.3727000000000000e+04
   3.4152000000000000e+04
   3.4576000000000000e+04
   3.4999000000000000e+04
   3.5421000000000000e+04
   3.5842000000000000e+04
   3.6262000000000000e+04
   3.6681000000000000e+04
   3.7099000000000000e+04
   3.7516000000000000e+04
   3.7932000000000000e+04
   3.8347000000000000e+04
   3.8761000000000000e+04
   3.9174000000000000e+04
   3.9586000000000000e+04
   3.9997000000000000e+04
   4.0407000000000000e+04
   4.0816000000000000e+04
   4.1224000000000000e+04
   4.1631000000000000e+04
   4.2037000000000000e+04
   4.2442000000000000e+04
   4.2846000000000000e+04
   4.3249000000000000e+04
   4.3651000000000000e+04
   4.4052000000000000e+04
   4.4452000000000000e+04
   4.4851000000000000e+04
   4.5249000000000000e+04
   4.5646000000000000e+04
   4.6042000000000000e+04
   4.6437000000000000e+04
   4.6831000000000000e+04
   4.7224000000000000e+04
   4.7616000000000000e+04
   4.8007000000000000e+04
   4.8397000000000000e+04
   4.8786000000000000e+04
   4.9174000000000000e+04
   4.9561000000000000e+04
   4.9947000000000000e+04
   5.0332000000000000e+04
   5.0716000000000000e+04
   5.1099000000000000e+04
   5.1481000000000000e+04
   5.1862000000000000e+04
   5.2242000000000000e+04
   5.2621000000000000e+04
   5.2999000000000000e+04
   5.3376000000000000e+04
   5.3752000000000000e+04
   5.4127000000000000e+04
   5.4501000000000000e+04
   5.4874000000000000e+04
   5.5246000000000000e+04
   5.5617000000000000e+04
   5.5987000000000000e+04
   5.6356000000000000e+04
   5.6724000000000000e+04
   5.7091000000000000e+04
   5.7457000000000000e+04
   5.7822000000000000e+04
   5.8186000000000000e+04
   5.8549000000000000e+04
   5.8911000000000000e+04
   5.9272000000000000e+04
   5.9632000000000000e+04
   5.9991000000000000e+04
   6.0349000000000000e+04
   6.0706000000000000e+04
   6.1062000000000000e+04
   6.1417000000000000e+04
   6.1771000000000000e+04
   6.2124000000000000e+04
   6.2476000000000000e+04
   6.2827000000000000e+04
   6.3177000000000000e+04
   6.3526000000000000e+04
   6.3874000000000000e+04
   6.4221000000000000e+04
   6.4567000000000000e+04
   6.4912000000000000e+04
   6.5256000000000000e+04
   6.5599000000000000e+04
   6.5941000000000000e+04
   6.6282000000000000e+04
   6.6622000000000000e+04
   6.6961000000000000e+04
   6.7299000000000000e+04
   6.7636000000000000e+04
   6.7972000000000000e+04
   6.8307000000000000e+04
   6.8641000000000000e+04
   6.8974000000000000e+04
   6.9306000000000000e+04
   6.9637000000000000e+04
   6.9967000000000000e+04
   7.0296000000000000e+04
   7.0624000000000000e+04
   7.0951000000000000e+04
   7.1277000000000000e+04
   7.1602000000000000e+04
   7.1926000000000000e+04
   7.2249000000000000e+04
   7.2571000000000000e+04
   7.2892000000000000e+04
   7.3212000000000000e+04
   7.3531000000000000e+04
   7.3849000000000000e+04
   7.4166000000000000e+04
   7.4482000000000000e+04
   7.4797000000000000e+04
   7.5111000000000000e+04
   7.5424000000000000e+04
   7.5736000000000000e+04
   7.6047000000000000e+04
   7.6357000000000000e+04
   7.6666000000000000e+04
   7.6974000000000000e+04
   7.7281000000000000e+04
   7.7587000000000000e+04
   7.7892000000000000e+04
   7.8196000000000000e+04
   7.8499000000000000e+04
   7.8801000000000000e+04
   7.9102000000000000e+04
   7.9402000000000000e+04
   7.9701000000000000e+04
   7.9999000000000000e+04
   8.0296000000000000e+04
   8.0592000000000000e+04
   8.0887000000000000e+04
   8.1181000000000000e+04
   8.1474000000000000e+04
   8.1766000000000000e+04
   8.2057000000000000e+04
   8.2347000000000000e+04
   8.2636000000000000e+04
   8.2924000000000000e+04
   8.3211000000000000e+04
   8.3497000000000000e+04
   8.3782000000000000e+04
   8.4066000000000000e+04
   8.4349000000000000e+04
   8.4631000000000000e+04
   8.4912000000000000e+04
   8.5192000000000000e+04
   8.5471000000000000e+04
   8.5749000000000000e+04
   8.6026000000000000e+04
   8.6302000000000000e+04
   8.6577000000000000e+04
   8.6851000000000000e+04
   8.7124000000000000e+04
   8.7396000000000000e+04
   8.7667000000000000e+04
   8.7937000000000000e+04
   8.8206000000000000e+04
   8.8474000000000000e+04
   8.8741000000000000e+04
   8.9007000000000000e+04
   8.9272000000000000e+04
   8.9536000000000000e+04
   8.9799000000000000e+04
   9.0061000000000000e+04
   9.0322000000000000e+04
   9.0582000000000000e+04
   9.0841000000000000e+04
   9.1099000000000000e+04
   9.1356000000000000e+04
   9.1612000000000000e+04
   9.1867000000000000e+04
   9.2121000000000000e+04
   9.2374000000000000e+04
   9.2626000000000000e+04
   9.2877000000000000e+04
   9.3127000000000000e+04
   9.3376000000000000e+04
   9.3624000000000000e+04
   9.3871000000000000e+04
   9.4117000000000000e+04
   9.4362000000000000e+04
   9.4606000000000000e+04
   9.4849000000000000e+04
   9.5091000000000000e+04
   9.5332000000000000e+04
   9.5572000000000000e+04
   9.5811000000000000e+04
   9.6049000000000000e+04
   9.6286000000000000e+04
   9.6522000000000000e+04
   9.6757000000000000e+04
   9.6991000000000000e+04
   9.7224000000000000e+04
   9.7456000000000000e+04
   9.7687000000000000e+04
   9.7917000000000000e+04
   9.8146000000000000e+04
   9.8374000000000000e+04
   9.8601000000000000e+04
   9.8827000000000000e+04
   9.9052000000000000e+04
   9.9276000000000000e+04
   9.9499000000000000e+04
   9.9721000000000000e+04
   9.9942000000000000e+04
   1.0016200000000000e+05
   1.0038100000000000e+05
   1.0059900000000000e+05
   1.0081600000000000e+05
   1.0103200000000000e+05
   1.0124700000000000e+05
   1.0146100000000000e+05
   1.0167400000000000e+05
   1.0188600000000000e+05
   1.0209700000000000e+05
   1.0230700000000000e+05
   1.0251600000000000e+05
   1.0272400000000000e+05
   1.0293100000000000e+05
   1.0313700000000000e+05
   1.0334200000000000e+05
   1.0354600000000000e+05
   1.0374900000000000e+05
   1.0395100000000000e+05
   1.0415200000000000e+05
   1.0435200000000000e+05
   1.0455100000000000e+05
   1.0474900000000000e+05
   1.0494600000000000e+05
   1.0514200000000000e+05
   1.0533700000000000e+05
   1.0553100000000000e+05
   1.0572400000000000e+05
   1.0591600000000000e+05
   1.0610700000000000e+05
   1.0629700000000000e+05
   1.0648600000000000e+05
   1.0667400000000000e+05
   1.0686100000000000e+05
   1.0704700000000000e+05
   1.0723200000000000e+05
   1.0741600000000000e+05
   1.0759900000000000e+05
   1.0778100000000000e+05
   1.0796200000000000e+05
   1.0814200000000000e+05
   1.0832100000000000e+05
   1.0849900000000000e+05
   1.0867600000000000e+05
   1.0885200000000000e+05
   1.0902700000000000e+05
   1.0920100000000000e+05
   1.0937400000000000e+05
   1.0954600000000000e+05
   1.0971700000000000e+05
   1.0988700000000000e+05
   1.1005600000000000e+05
   1.1022400000000000e+05
   1.1039100000000000e+05
   1.1055700000000000e+05
   1.1072200000000000e+05
   1.1088600000000000e+05
   1.1104900000000000e+05
   1.1121100000000000e+05
   1.1137200000000000e+05
   1.1153200000000000e+05
   1.1169100000000000e+05
   1.1184900000000000e+05
   1.1200600000000000e+05
   1.1216200000000000e+05
   1.1231700000000000e+05
   1.1247100000000000e+05
   1.1262400000000000e+05
   1.1277600000000000e+05
   1.1292700000000000e+05
   1.1307700000000000e+05
   1.1322600000000000e+05
   1.1337400000000000e+05
   1.1352100000000000e+05
   1.1366700000000000e+05
   1.1381200000000000e+05
   1.1395600000000000e+05
   1.1409900000000000e+05
   1.1424100000000000e+05
   1.1438200000000000e+05
   1.1452200000000000e+05
   1.1466100000000000e+05
   1.1479900000000000e+05
   1.1493600000000000e+05
   1.1507200000000000e+05
   1.1520700000000000e+05
   1.1534100000000000e+05
   1.1547400000000000e+05
   1.1560600000000000e+05
   1.1573700000000000e+05
   1.1586700000000000e+05
   1.1599600000000000e+05
   1.1612400000000000e+05
   1.1625100000000000e+05
   1.1637700000000000e+05
   1.1650200000000000e+05
   1.1662600000000000e+05
   1.1674900000000000e+05
   1.1687100000000000e+05
   1.1699200000000000e+05
   1.1711200000000000e+05
   1.1723100000000000e+05
   1.1734900000000000e+05
   1.1746600000000000e+05
   1.1758200000000000e+05
   1.1769700000000000e+05
   1.1781100000000000e+05
   1.1792400000000000e+05
   1.1803600000000000e+05
   1.1814700000000000e+05
   1.1825700000000000e+05
   1.1836600000000000e+05
   1.1847400000000000e+05
   1.1858100000000000e+05
   1.1868700000000000e+05
   1.1879200000000000e+05
   1.1889600000000000e+05
   1.1899900000000000e+05
   1.1910100000000000e+05
   1.1920200000000000e+05
   1.1930200000000000e+05
   1.1940100000000000e+05
   1.1949900000000000e+05
   1.1959600000000000e+05
   1.1969200000000000e+05
   1.1978700000000000e+05
   1.1988100000000000e+05
   1.1997400000000000e+05
   1.2006600000000000e+05
   1.2015700000000000e+05
   1.2024700000000000e+05
   1.2033600000000000e+05
   1.2042400000000000e+05
   1.2051100000000000e+05
   1.2059700000000000e+05
   1.2068200000000000e+05
   1.2076600000000000e+05
   1.2084900000000000e+05
   1.2093100000000000e+05
   1.2101200000000000e+05
   1.2109200000000000e+05
   1.2117100000000000e+05
   1.2124900000000000e+05
   1.2132600000000000e+05
   1.2140200000000000e+05
   1.2147700000000000e+05
   1.2155100000000000e+05
   1.2162400000000000e+05
   1.2169600000000000e+05
   1.2176700000000000e+05
   1.2183700000000000e+05
   1.2190600000000000e+05
   1.2197400000000000e+05
   1.2204100000000000e+05
   1.2210700000000000e+05
   1.2217200000000000e+05
   1.2223600000000000e+05
   1.2229900000000000e+05
   1.2236100000000000e+05
   1.2242200000000000e+05
   1.2248200000000000e+05
   1.2254100000000000e+05
   1.2259900000000000e+05
   1.2265600000000000e+05
   1.2271200000000000e+05
   1.2276700000000000e+05
   1.2282100000000000e+05
   1.2287400000000000e+05
   1.2292600000000000e+05
   1.2297700000000000e+05
   1.2302700000000000e+05
   1.2307600000000000e+05
   1.2312400000000000e+05
   1.2317100000000000e+05
   1.2321700000000000e+05
   1.2326200000000000e+05
   1.2330600000000000e+05
   1.2334900000000000e+05
   1.2339100000000000e+05
   1.2343200000000000e+05
   1.2347200000000000e+05
   1.2351100000000000e+05
   1.2354900000000000e+05
   1.2358600000000000e+05
   1.2362200000000000e+05
   1.2365700000000000e+05
   1.2369100000000000e+05
   1.2372400000000000e+05
   1.2375600000000000e+05
   1.2378700000000000e+05
   1.2381700000000000e+05
   1.2384600000000000e+05
   1.2387400000000000e+05
   1.2390100000000000e+05
   1.2392700000000000e+05
   1.2395200000000000e+05
   1.2397600000000000e+05
   1.2399900000000000e+05
   1.2402100000000000e+05
   1.2404200000000000e+05
   1.2406200000000000e+05
   1.2408100000000000e+05
   1.2409900000000000e+05
   1.2411600000000000e+05
   1.2413200000000000e+05
   1.2414700000000000e+05
   1.2416100000000000e+05
   1.2417400000000000e+05
   1.2418600000000000e+05
   1.2419700000000000e+05
   1.2420700000000000e+05
   1.2421600000000000e+05
   1.2422400000000000e+05
   1.2423100000000000e+05
   1.2423700000000000e+05
   1.2424200000000000e+05
   1.2424600000000000e+05
   1.2424900000000000e+05
   1.2425100000000000e+05
   1.2425200000000000e+05
