   5.9448056465538817e-03
   1.3967508593408902e-02
   2.7916073950630307e-02
   5.7725500437675908e-02
   1.3382289024306276e-01
   3.6096274010163021e-01
   1.3448828956365066e-01
   5.9118694455057179e-02
   3.0175805198397798e-02
   1.7342625147858920e-02
   1.0864318230024506e-02
   7.2189095299421300e-03
   4.9780411283666488e-03
   3.4955954991191711e-03
   2.4494280451366388e-03
   1.6641010895008413e-03
   1.0358759440635536e-03
   4.9743484779106906e-04
   9.8117587557609211e-03
   2.2009154776451434e-02
   3.9971328275728600e-02
   6.9163037557010518e-02
   1.1660333695736300e-01
   1.7553978059980785e-01
   1.1787171002790048e-01
   7.1810683058180183e-02
   4.4241873033586024e-02
   2.8330377163013412e-02
   1.8895697445611377e-02
   1.3033278761377382e-02
   9.1975605867796670e-03
   6.5549128229733982e-03
   4.6379141885720988e-03
   3.1711003688031764e-03
   1.9818969519874315e-03
   9.5386344710072330e-04
   1.1293074600038394e-02
   2.4286109443270459e-02
   4.0797046818822118e-02
   6.2352009812459065e-02
   8.7887639429570730e-02
   1.0672133245793408e-01
   8.9648086889963133e-02
   6.6010427673109107e-02
   4.6650626714752681e-02
   3.2841303516691948e-02
   2.3354815628030212e-02
   1.6820886849666289e-02
   1.2224009634401215e-02
   8.8884628161327896e-03
   6.3762155173751880e-03
   4.4003974397166029e-03
   2.7667480479822725e-03
   1.3360715944927800e-03
   1.1074520896930191e-02
   2.3045161577769934e-02
   3.6578811215092585e-02
   5.1560315444432785e-02
   6.5873903942624809e-02
   7.3809822912394615e-02
   6.7988868879506670e-02
   5.5932314029540284e-02
   4.3508944304823570e-02
   3.3029394560971495e-02
   2.4861443630121691e-02
   1.8671443374856368e-02
   1.3989113255970333e-02
   1.0398713289781376e-02
   7.5780715154601368e-03
   5.2875258247057693e-03
   3.3485853808881108e-03
   1.6236748828881245e-03
   9.9598474099124330e-03
   2.0241246736532281e-02
   3.0912721019345491e-02
   4.1436509381208360e-02
   5.0237837984100919e-02
   5.4655133302681548e-02
   5.2565251686128717e-02
   4.6220975888511824e-02
   3.8423441914029771e-02
   3.0905938887446693e-02
   2.4390120956628750e-02
   1.9014406441151089e-02
   1.4662286724842372e-02
   1.1139299155922499e-02
   8.2498314299782032e-03
   5.8231149159753189e-03
   3.7163927679762796e-03
   1.8100371484162086e-03
   8.5236284695506450e-03
   1.7047256939101293e-02
   2.5394303975991343e-02
   3.3035163076954151e-02
   3.8985800656814000e-02
   4.2007620628101948e-02
   4.1395956585750196e-02
   3.7962895924348497e-02
   3.3057873842385739e-02
   2.7780798118156775e-02
   2.2778720824604283e-02
   1.8333774708276889e-02
   1.4506404796505256e-02
   1.1246365179088037e-02
   8.4589377455431165e-03
   6.0387096412410244e-03
   3.8838319413326580e-03
   1.9000809428004316e-03
   7.0874095291888553e-03
   1.4029779676973332e-02
   2.0582074868564469e-02
   2.6324021725296014e-02
   3.0662580938098986e-02
   3.2993580407290668e-02
   3.3048058104421595e-02
   3.1176711201640880e-02
   2.8064359413007910e-02
   2.4380561063697952e-02
   2.0610189515354677e-02
   1.7035490397280965e-02
   1.3783192573813696e-02
   1.0880818005536219e-02
   8.3008447318651951e-03
   5.9889633719354381e-03
   3.8801444133129020e-03
   1.9064448251731628e-03
   5.7961546095105163e-03
   1.1402377371038740e-02
   1.6580156022347744e-02
   2.1016268017566456e-02
   2.4346994278763481e-02
   2.6256061958540189e-02
   2.6626059370552839e-02
   2.5631531364785503e-02
   2.3642352026105155e-02
   2.1066897208272480e-02
   1.8245936349751773e-02
   1.5414804791678583e-02
   1.2709992639037257e-02
   1.0192869537377948e-02
   7.8746315451354004e-03
   5.7361547013226304e-03
   3.7413822486200340e-03
   1.8455539445793206e-03
   4.6948315378144640e-03
   9.2033952497282689e-03
   1.3319903832221355e-02
   1.6813894626822760e-02
   1.9453066200848260e-02
   2.1057672340518998e-02
   2.1568586054464108e-02
   2.1081147343323163e-02
   1.9806620118354722e-02
   1.7998782599167942e-02
   1.5891853883701405e-02
   1.3667803752034068e-02
   1.1449103653278801e-02
   9.3059857372448773e-03
   7.2686572099758279e-03
   5.3396846060500755e-03
   3.5036759352652779e-03
   1.7344904677533512e-03
   3.7797379250617278e-03
   7.3964682578385220e-03
   1.0682099389041957e-02
   1.3466340456654936e-02
   1.5593657064278298e-02
   1.6952975148223488e-02
   1.7509516956910973e-02
   1.7317851835688361e-02
   1.6504168875668780e-02
   1.5229759186343179e-02
   1.3654905069916833e-02
   1.1915452679477471e-02
   1.0112718854117046e-02
   8.3133125483469267e-03
   6.5543533897177387e-03
   4.8502505776365700e-03
   3.1991596172604624e-03
   1.5887319911688090e-03
   3.0276519045939242e-03
   5.9206740100589622e-03
   8.5456850094530138e-03
   1.0775782524963260e-02
   1.2502246451386482e-02
   1.3651135557426497e-02
   1.4198654789267975e-02
   1.4176466550875873e-02
   1.3662444362288823e-02
   1.2761103297306384e-02
   1.1582554530145284e-02
   1.0226441714415661e-02
   8.7730065353649744e-03
   7.2801970632439721e-03
   5.7851932229116328e-03
   4.3076670385003525e-03
   2.8539799649711928e-03
   1.4210901630395613e-03
   2.4101559289361834e-03
   4.7128908683503794e-03
   6.8041859576074681e-03
   8.5888581823585931e-03
   9.9884189207776301e-03
   1.0950665840828046e-02
   1.1457447437727501e-02
   1.1526915216258335e-02
   1.1208057752541892e-02
   1.0569655110448231e-02
   9.6877381177778547e-03
   8.6347531126749321e-03
   7.4726040620148185e-03
   6.2492759463523397e-03
   4.9985170970522986e-03
   3.7412443884820138e-03
   2.4880119023017373e-03
   1.2416486960182447e-03
   1.9000809428004310e-03
   3.7164819735893699e-03
   5.3693097702678765e-03
   6.7870440358355011e-03
   7.9119052085374047e-03
   8.7055690466661291e-03
   9.1535539045556526e-03
   9.2657214787428104e-03
   9.0732163211721881e-03
   8.6217582669076212e-03
   7.9639897178429651e-03
   7.1522482094785768e-03
   6.2333806536670269e-03
   5.2458033843054150e-03
   4.2183548304632135e-03
   3.1707858255649009e-03
   2.1151745597354945e-03
   1.0575872798677475e-03
   1.4736760123964748e-03
   2.8836463129387991e-03
   4.1696136132333347e-03
   5.2781029821781338e-03
   6.1664372193110635e-03
   6.8061512327434346e-03
   7.1854206046629288e-03
   7.3092004729850835e-03
   7.1972956714575634e-03
   6.8801719181671196e-03
   6.3942263213375618e-03
   5.7768693537293874e-03
   5.0629336467823468e-03
   4.2822021067390765e-03
   3.4582331521104230e-03
   2.6083695235788792e-03
   1.7443823335964569e-03
   8.7352586371725017e-04
   1.1109767938466673e-03
   2.1749223042624231e-03
   3.1473953875485309e-03
   3.9893337728786711e-03
   4.6695894537852793e-03
   5.1672238575859982e-03
   5.4727768083675530e-03
   5.5884251681240019e-03
   5.5265939735058799e-03
   5.3074853862949611e-03
   4.9558742956107762e-03
   4.4980712933902125e-03
   3.9592824729938868e-03
   3.3617973977996345e-03
   2.7240061476605229e-03
   2.0601311924828784e-03
   1.3804593873542055e-03
   6.9210838265759168e-04
   7.9536787914873033e-04
   1.5576707227156965e-03
   2.2557418462558917e-03
   2.8622472680027468e-03
   3.3553951800615062e-03
   3.7203779354477253e-03
   3.9500404821793816e-03
   4.0451294176374868e-03
   4.0132221453508844e-03
   3.8673013578960614e-03
   3.6237216147856524e-03
   3.3002590512267969e-03
   2.9142976441529789e-03
   2.4816988638050488e-03
   2.0159181942589191e-03
   1.5276897113379075e-03
   1.0251963960040684e-03
   5.1444827955891056e-04
   5.1282400003255734e-04
   1.0046436238196948e-03
   1.4556540067565929e-03
   1.8485107543362025e-03
   2.1693660630102735e-03
   2.4087574750018986e-03
   2.5618777672647645e-03
   2.6288056213199149e-03
   2.6138638323641061e-03
   2.5247711943757072e-03
   2.3714517544089725e-03
   2.1648595207848374e-03
   1.9159501885861834e-03
   1.6348229019732389e-03
   1.3302780542321980e-03
   1.0095291827508116e-03
   6.7818820576524906e-04
   3.4052709098716314e-04
   2.5131244145162223e-04
   4.9242576577393136e-04
   7.1371386302642999e-04
   9.0677567957519621e-04
   1.0648874692175754e-03
   1.1834081342848347e-03
   1.2599093423907265e-03
   1.2943514680133061e-03
   1.2886707833027751e-03
   1.2464678328336868e-03
   1.1724241690400147e-03
   1.0717770889173972e-03
   9.4977294469327639e-04
   8.1136450126952434e-04
   6.6090082879240305e-04
   5.0196075966789085e-04
   3.3740521101440819e-04
   1.6947187862449275e-04
