   5.9790359711635660e-03
   1.4036057613085733e-02
   2.8019186525649869e-02
   5.7863575829975235e-02
   1.3399658647120880e-01
   3.6117302055762840e-01
   1.3473655307383331e-01
   5.9406910118915607e-02
   3.0506672263466608e-02
   1.7719810419276089e-02
   1.1292698639726099e-02
   7.7049639593908294e-03
   5.5302574662974462e-03
   4.1251482617768766e-03
   3.1708751227652425e-03
   2.4966013796295168e-03
   2.0046364528069995e-03
   1.6360513374772518e-03
   1.3536906371988998e-03
   1.1332402442193812e-03
   9.5828057639903120e-04
   8.1741809758115668e-04
   7.0256150713569670e-04
   6.0784310092782843e-04
   5.2893251647796854e-04
   4.6257800265923910e-04
   4.0630684761386765e-04
   3.5820772047313328e-04
   3.1679312774623915e-04
   2.8088407945823347e-04
   2.4954600679882551e-04
   2.2202061397282608e-04
   1.9769819919784640e-04
   1.7607322562518304e-04
   1.5673508122669656e-04
   1.3933436662051305e-04
   1.2358629516151718e-04
   1.0924223164541925e-04
   9.6097629615032336e-05
   8.3969563459876747e-05
   7.2706599290193593e-05
   6.2169609511180494e-05
   5.2241423364714979e-05
   4.2811831490730991e-05
   3.3786061035241170e-05
   2.5072577430030135e-05
   1.6589743048746264e-05
   8.2574414038071253e-06
   9.8800866479066361e-03
   2.2146007955529477e-02
   4.0177113425970218e-02
   6.9438530323042341e-02
   1.1694974967281689e-01
   1.7595894268547249e-01
   1.1836628099793252e-01
   7.2384415138362621e-02
   4.4899968096310174e-02
   2.9079870773911668e-02
   1.9746019140694116e-02
   1.3996899731539758e-02
   1.0290915449794682e-02
   7.7994604580448289e-03
   6.0617496600140286e-03
   4.8108939429458352e-03
   3.8858922137757876e-03
   3.1858782599031039e-03
   2.6454706451360310e-03
   2.2209897632795954e-03
   1.8824620958762148e-03
   1.6088303067898992e-03
   1.3849824070977679e-03
   1.1998783800976479e-03
   1.0453056215470040e-03
   9.1507264654511905e-04
   8.0443667182906521e-04
   7.0973090653242616e-04
   6.2807484735552955e-04
   5.5719718328786920e-04
   4.9527259907601389e-04
   4.4083824989463204e-04
   3.9269148257985495e-04
   3.4985962207618939e-04
   3.1152406153641586e-04
   2.7701609009383825e-04
   2.4576061685432411e-04
   2.1728500180512740e-04
   1.9117101483245662e-04
   1.6707402493428095e-04
   1.4468084508894739e-04
   1.2373041538981340e-04
   1.0397898221384357e-04
   8.5219841562967762e-05
   6.7256134273646870e-05
   4.9914505636133126e-05
   3.3027270787868203e-05
   1.6440022566482254e-05
   1.1395302664933491e-02
   2.4490775527543668e-02
   4.1104728899659222e-02
   6.2763683902150036e-02
   8.8404939211543812e-02
   1.0734671995878234e-01
   9.0385213094061737e-02
   6.6864502122513547e-02
   4.7628914209499822e-02
   3.3953687082260882e-02
   2.4614607417598910e-02
   1.8245699377038821e-02
   1.3837044143296695e-02
   1.0720026680774193e-02
   8.4657691163002053e-03
   6.7993317103725625e-03
   5.5421601994472113e-03
   4.5760980593912816e-03
   3.8213239201625201e-03
   3.2227844806503123e-03
   2.7417477370363305e-03
   2.3504521901228930e-03
   2.0286594343678268e-03
   1.7613763998206786e-03
   1.5373389430672797e-03
   1.3479627772883113e-03
   1.1866362866248474e-03
   1.0481941511960675e-03
   9.2857817185558358e-04
   8.2454609504934427e-04
   7.3350895632272707e-04
   6.5335334284219448e-04
   5.8236985915075163e-04
   5.1913464896000204e-04
   4.6248545274893969e-04
   4.1142977138657787e-04
   3.6515508035681369e-04
   3.2295010777377674e-04
   2.8422740297538550e-04
   2.4846062771364987e-04
   2.1521234074150199e-04
   1.8408027794387103e-04
   1.5472424853787809e-04
   1.2682427153536344e-04
   1.0010412886024528e-04
   7.4297181096114487e-05
   4.9164811900111085e-05
   2.4472874834986831e-05
   1.1210349215164608e-02
   2.3317062590052524e-02
   3.6987344057717475e-02
   5.2106537174354782e-02
   6.6559602832224632e-02
   7.4637784844051022e-02
   6.8963347144909579e-02
   5.7059466048130197e-02
   4.4797498565495503e-02
   3.4491355928033145e-02
   2.6513021692820760e-02
   2.0534246215719879e-02
   1.6091530070133545e-02
   1.2777833005455038e-02
   1.0281966818552460e-02
   8.3785035827969919e-03
   6.9073182062370014e-03
   5.7550298580522638e-03
   4.8409431724364274e-03
   4.1070765021228072e-03
   3.5112883374754985e-03
   3.0225712822975230e-03
   2.6178216344589457e-03
   2.2796288417499654e-03
   1.9947031037666476e-03
   1.7528032329159997e-03
   1.5459386588021645e-03
   1.3678312397714123e-03
   1.2134820307662898e-03
   1.0789000687311976e-03
   9.6084560487374755e-04
   8.5669630600066567e-04
   7.6427944379601305e-04
   6.8182366186412863e-04
   6.0782925569229790e-04
   5.4106246234672084e-04
   4.8045755369772233e-04
   4.2513294595777960e-04
   3.7430626561471835e-04
   3.2732874220343130e-04
   2.8360980807791783e-04
   2.4265410710629052e-04
   2.0399870041646988e-04
   1.6724886718036245e-04
   1.3202863800919999e-04
   9.8005277987968495e-05
   6.4857128397141382e-05
   3.2286664873354020e-05
   1.0129031605672438e-02
   2.0579782816069724e-02
   3.1421047566803313e-02
   4.2115518890627451e-02
   5.1089150098948828e-02
   5.5681469136718044e-02
   5.3770924593395289e-02
   4.7612518105886577e-02
   4.0010258076318889e-02
   3.2701220575321419e-02
   2.6411877209931170e-02
   2.1286734415122344e-02
   1.7216996916062498e-02
   1.4017808995492249e-02
   1.1505761569657590e-02
   9.5254002839879805e-03
   7.9535791846515221e-03
   6.6957622209856760e-03
   5.6803424094081121e-03
   4.8532902993014644e-03
   4.1737578284453307e-03
   3.6107143417851381e-03
   3.1404269794204709e-03
   2.7446062310391255e-03
   2.4090413973333453e-03
   2.1225971786731669e-03
   1.8764838758964029e-03
   1.6636939054703532e-03
   1.4786186427069676e-03
   1.3167083754588992e-03
   1.1742770884404033e-03
   1.0482808342836736e-03
   9.3622794816850745e-04
   8.3602491539501596e-04
   7.4594544580940331e-04
   6.6450571719508709e-04
   5.9047972612957399e-04
   5.2278912934755866e-04
   4.6053597132227699e-04
   4.0291308908030154e-04
   3.4924404226044793e-04
   2.9890599715670635e-04
   2.5136757884134796e-04
   2.0612925002337087e-04
   1.6275627800822407e-04
   1.2082966636563282e-04
   7.9971758827131865e-05
   3.9812158544197774e-05
   8.7259947508752846e-03
   1.7451989501750587e-02
   2.6001544387232161e-02
   3.3845340722402840e-02
   4.0000007096824920e-02
   4.3228017010477127e-02
   4.2826360907398740e-02
   3.9609423705701849e-02
   3.4929794900147144e-02
   2.9891391087002409e-02
   2.5146531098554168e-02
   2.0983817318775806e-02
   1.7471911129884696e-02
   1.4570644490793840e-02
   1.2197873492524791e-02
   1.0263756798845858e-02
   8.6858409427286714e-03
   7.3940974318308251e-03
   6.3313798766086917e-03
   5.4519844572296161e-03
   4.7197377031113286e-03
   4.1061012769772294e-03
   3.5885641259088799e-03
   3.1493277056527315e-03
   2.7742528973058751e-03
   2.4520602085469209e-03
   2.1736912604177309e-03
   1.9318418635066344e-03
   1.7205709733229329e-03
   1.5350377019570298e-03
   1.3712498969262758e-03
   1.2259219945251153e-03
   1.0962986659335935e-03
   9.8010260573802317e-04
   8.7538823784920491e-04
   7.8053523449464924e-04
   6.9413473142461218e-04
   6.1500787398060413e-04
   5.4210447025936895e-04
   4.7454360053504965e-04
   4.1152199553730741e-04
   3.5235826041873838e-04
   2.9641523719143193e-04
   2.4314427606354975e-04
   1.9202309131511746e-04
   1.4258535063920688e-04
   9.4380932957151978e-05
   4.6990210476305271e-05
   7.3229578960781333e-03
   1.4500635597193182e-02
   2.1287799757971883e-02
   2.7264291012701239e-02
   3.1837520555470976e-02
   3.4404229792297653e-02
   3.4697078320020780e-02
   3.3069024789043180e-02
   3.0208106731565550e-02
   2.6788026453439119e-02
   2.3299038778507367e-02
   2.0030099814251665e-02
   1.7116185793906606e-02
   1.4594993921896796e-02
   1.2451331110801867e-02
   1.0645925208909841e-02
   9.1319303555864925e-03
   7.8634174981961017e-03
   6.7990952079662430e-03
   5.9035381354994093e-03
   5.1471072497931434e-03
   4.5053863507135208e-03
   3.9584005415850857e-03
   3.4898848542231709e-03
   3.0865822776905052e-03
   2.7376918730837069e-03
   2.4343790937209628e-03
   2.1693973791086754e-03
   1.9367856851211021e-03
   1.7316041927091096e-03
   1.5497628027825595e-03
   1.3878293517627636e-03
   1.2429421153027282e-03
   1.1126682876251128e-03
   9.9496966535474402e-04
   8.8807959261741635e-04
   7.9051609109362126e-04
   7.0096842182041416e-04
   6.1833043519954529e-04
   5.4160427279964908e-04
   4.6994207893499243e-04
   4.0256292757737149e-04
   3.3879083344209165e-04
   2.7799176221345853e-04
   2.1960646054948905e-04
   1.6309792449687067e-04
   1.0797641188596407e-04
   5.3762334514057375e-05
   6.0652004211922510e-03
   1.1939795232972134e-02
   1.7384725673296443e-02
   2.2086503014959308e-02
   2.5681550963478676e-02
   2.7854303283221797e-02
   2.8488696175037399e-02
   2.7761490398884526e-02
   2.6045582881273913e-02
   2.3753569216681175e-02
   2.1231500627183562e-02
   1.8721357365816857e-02
   1.6367742309261871e-02
   1.4241814292084860e-02
   1.2366544390773273e-02
   1.0736682570405129e-02
   9.3325522808886362e-03
   8.1285469974008394e-03
   7.0980604086322919e-03
   6.2159656270086433e-03
   5.4597766689414018e-03
   4.8099363344986266e-03
   4.2497770764184277e-03
   3.7652288919643624e-03
   3.3445040764280487e-03
   2.9777459123764452e-03
   2.6567297827154723e-03
   2.3745828740859955e-03
   2.1255566120620606e-03
   1.9048305809757466e-03
   1.7083483527236896e-03
   1.5326904944406507e-03
   1.3749458591163269e-03
   1.2326587641049548e-03
   1.1037089660940992e-03
   9.8629737952665112e-04
   8.7884815082014706e-04
   7.8001928700788703e-04
   6.8861176269472747e-04
   6.0360097652900841e-04
   5.2405278596461707e-04
   4.4916053751366367e-04
   3.7817103838742920e-04
   3.1042547879870405e-04
   2.4529834752837437e-04
   1.8222347491282271e-04
   1.2065618654863776e-04
   6.0082715693960230e-05
   4.9980485557187503e-03
   9.8086159625221069e-03
   1.4224804687282475e-02
   1.8015440083492859e-02
   2.0947877000262665e-02
   2.2842734700912262e-02
   2.3641912698022408e-02
   2.3442661824412073e-02
   2.2459165177964362e-02
   2.0949177434638040e-02
   1.9152037147728777e-02
   1.7256101452990318e-02
   1.5391611785239149e-02
   1.3637996206610293e-02
   1.2036349589801270e-02
   1.0601731456630268e-02
   9.3330492001620635e-03
   8.2201777252427829e-03
   7.2486338021534235e-03
   6.4025078180288391e-03
   5.6660974644652000e-03
   5.0248172353035249e-03
   4.4655425376256474e-03
   3.9767595523122912e-03
   3.5484592236808871e-03
   3.1720628782485939e-03
   2.8402112506784919e-03
   2.5466468458509401e-03
   2.2860273080653891e-03
   2.0538073534824264e-03
   1.8461095326958023e-03
   1.6596173175334329e-03
   1.4914920626169764e-03
   1.3392884194211206e-03
   1.2009100553900466e-03
   1.0745249132550329e-03
   9.5855984565242850e-04
   8.5161801908093210e-04
   7.5249635204246838e-04
   6.6010744571035225e-04
   5.7350755088080246e-04
   4.9182988024809539e-04
   4.1430730379525885e-04
   3.4022465664703772e-04
   2.6893797585248136e-04
   1.9983365670778297e-04
   1.3234214370180407e-04
   6.5907743645446617e-05
   4.1183760616861622e-03
   8.0718153741151117e-03
   1.1690433348311977e-02
   1.4802575631467044e-02
   1.7251779690450421e-02
   1.8926845822142234e-02
   1.9793556101865069e-02
   1.9908079022776963e-02
   1.9399236915387155e-02
   1.8431938196177857e-02
   1.7171370917072777e-02
   1.5759399513176502e-02
   1.4304612095621014e-02
   1.2882209159315865e-02
   1.1539138218467323e-02
   1.0300844466152590e-02
   9.1777502990751988e-03
   8.1704809012548077e-03
   7.2738081468132661e-03
   6.4793343784880749e-03
   5.7773099346869186e-03
   5.1576926046246344e-03
   4.6108404723534521e-03
   4.1278075559782728e-03
   3.7005323416692913e-03
   3.3218351262585583e-03
   2.9854180796401440e-03
   2.6857659505738892e-03
   2.4181010013323259e-03
   2.1782619921927680e-03
   1.9626619389523387e-03
   1.7681771803803048e-03
   1.5921035201397736e-03
   1.4320927955725042e-03
   1.2860975898504449e-03
   1.1523323724510019e-03
   1.0292237093399118e-03
   9.1539659162094404e-04
   8.0962357776579461e-04
   7.1082490338912911e-04
   6.1802135765161336e-04
   5.3034412880265623e-04
   4.4698705919557860e-04
   3.6722786814170569e-04
   2.9038550144630835e-04
   2.1583103236402388e-04
   1.4296336293100959e-04
   7.1206115186022107e-05
   3.4036403169107761e-03
   6.6698314126013456e-03
   9.6625377003832433e-03
   1.2252643869763494e-02
   1.4329820307929723e-02
   1.5819306998269504e-02
   1.6697386864518732e-02
   1.6996853825710631e-02
   1.6797765264629394e-02
   1.6207966030683144e-02
   1.5342108811207898e-02
   1.4305520996232824e-02
   1.3185227924752570e-02
   1.2047099410073460e-02
   1.0937149658599533e-02
   9.8847697719265295e-03
   8.9066266287313699e-03
   8.0101989005183522e-03
   7.1967835053567712e-03
   6.4637342472471946e-03
   5.8061152911697790e-03
   5.2178236318483773e-03
   4.6923191911852555e-03
   4.2231169541957136e-03
   3.8040274607594421e-03
   3.4293469490586977e-03
   3.0938599910496330e-03
   2.7929163237328599e-03
   2.5223487544972605e-03
   2.2784927126018894e-03
   2.0580990505404862e-03
   1.8583254073773429e-03
   1.6766520419893068e-03
   1.5108777468544428e-03
   1.3590551359882266e-03
   1.2194720079652874e-03
   1.0906060276352704e-03
   9.7110720464197743e-04
   8.5977646401063734e-04
   7.5553311657587273e-04
   6.5740884753386390e-04
   5.6452274596604569e-04
   4.7606893604269432e-04
   3.9130592484400861e-04
   3.0954512942702221e-04
   2.3013978960585772e-04
   1.5247416047218848e-04
   7.5952012715294997e-05
   2.8263538105738365e-03
   5.5413322589962614e-03
   8.0372433348174979e-03
   1.0215641839273976e-02
   1.1995551071347822e-02
   1.3323174998487376e-02
   1.4179822227169559e-02
   1.4584184150917440e-02
   1.4586988483917226e-02
   1.4260051850717380e-02
   1.3683564411547779e-02
   1.2935347735794358e-02
   1.2083660974941129e-02
   1.1183810897625839e-02
   1.0277570231128304e-02
   9.3944583342225902e-03
   8.5537726862274562e-03
   7.7669045667304827e-03
   7.0393892915569922e-03
   6.3727038139741524e-03
   5.7656047311783528e-03
   5.2151674404138241e-03
   4.7175111902456731e-03
   4.2683136088598767e-03
   3.8631409764075422e-03
   3.4976652181671537e-03
   3.1677858611627069e-03
   2.8696905988106576e-03
   2.5999048522843825e-03
   2.3552610531770470e-03
   2.1329362869982721e-03
   1.9303733565992737e-03
   1.7453109491310016e-03
   1.5757110138677291e-03
   1.4197801347953828e-03
   1.2758944957866503e-03
   1.1426179380104450e-03
   1.0186497353010570e-03
   9.0283758657263256e-04
   7.9412225136986109e-04
   6.9155755069380185e-04
   5.9426907148496934e-04
   5.0145795555534521e-04
   4.1238176576461233e-04
   3.2635067121121670e-04
   2.4270883616019673e-04
   1.6083696440734381e-04
   8.0127775202969715e-05
   2.3604426663883090e-03
   4.6319015789997144e-03
   6.7294615406164838e-03
   8.5771290831203467e-03
   1.0113567139700215e-02
   1.1298010199501813e-02
   1.2114542894754679e-02
   1.2573049629512121e-02
   1.2705952669404689e-02
   1.2561668511879773e-02
   1.2196749248471478e-02
   1.1668627488904980e-02
   1.1030257341591746e-02
   1.0326884381322274e-02
   9.5948620340652185e-03
   8.8616936333162435e-03
   8.1471012152253813e-03
   7.4642318372261504e-03
   6.8211652801665580e-03
   6.2220798786125223e-03
   5.6684323791556688e-03
   5.1597245234944796e-03
   4.6942445205237250e-03
   4.2694830422510249e-03
   3.8825576178436990e-03
   3.5303973778609173e-03
   3.2099276366233803e-03
   2.9181755829361289e-03
   2.6523190026525620e-03
   2.4097382495332918e-03
   2.1880116876762815e-03
   1.9849424276307611e-03
   1.7985073840676962e-03
   1.6268985886295573e-03
   1.4684598935389270e-03
   1.3217227042044762e-03
   1.1853214933188021e-03
   1.0580531011337845e-03
   9.3880189560897420e-04
   8.2657207935783890e-04
   7.2043003238651479e-04
   6.1954312909201167e-04
   5.2311204892910312e-04
   4.3041914283414206e-04
   3.4076695349303588e-04
   2.5351641737012557e-04
   1.6803708579402033e-04
   8.3726993963447537e-05
   1.9835206406550359e-03
   3.8963698499978375e-03
   5.6715855455410757e-03
   7.2498458128906840e-03
   8.5835897042874365e-03
   9.6407557650649671e-03
   1.0407287286150767e-02
   1.0887518802971665e-02
   1.1102092597239134e-02
   1.1083920278925559e-02
   1.0873122961493864e-02
   1.0512155629762350e-02
   1.0041820421513130e-02
   9.4986072520063247e-03
   8.9132482016839269e-03
   8.3103529497517790e-03
   7.7086579133194720e-03
   7.1217562867821839e-03
   6.5589171603396912e-03
   6.0260180411537160e-03
   5.5262885466102413e-03
   5.0610537538846962e-03
   4.6302239304806788e-03
   4.2328164217768109e-03
   3.8672015255572802e-03
   3.5314390388094369e-03
   3.2233560912613077e-03
   2.9407650936579132e-03
   2.6814656733557202e-03
   2.4433612546272839e-03
   2.2244544357839474e-03
   2.0228772821797906e-03
   1.8369004492227786e-03
   1.6649160630438774e-03
   1.5054744691995170e-03
   1.3572149341735239e-03
   1.2189182823395012e-03
   1.0894392803063057e-03
   9.6777089573495871e-04
   8.5293413806600759e-04
   7.4407568533395275e-04
   6.4036136356746042e-04
   5.4105027648656233e-04
   4.4541580314981657e-04
   3.5280051484953958e-04
   2.6255279403324979e-04
   1.7407005993168862e-04
   8.6743114856800157e-05
   1.6772700462339928e-03
   3.2984796613744422e-03
   4.8106649786592987e-03
   6.1670886059540702e-03
   7.3301900994938588e-03
   8.2741371679193234e-03
   8.9863316818117583e-03
   9.4676379136577962e-03
   9.7309786376546369e-03
   9.7987932151386656e-03
   9.6996666888160450e-03
   9.4650448944814565e-03
   9.1262614626920879e-03
   8.7124523298791005e-03
   8.2491705709124216e-03
   7.7577904300037068e-03
   7.2554212015185360e-03
   6.7551866047120797e-03
   6.2667290332562931e-03
   5.7967559717227524e-03
   5.3496500122468737e-03
   4.9279333703423850e-03
   4.5327810257374777e-03
   4.1643106592762612e-03
   3.8219930237991780e-03
   3.5047624659389032e-03
   3.2112925959545098e-03
   2.9400391351871082e-03
   2.6894173424851218e-03
   2.4577841841432477e-03
   2.2435675186524354e-03
   2.0452233866879920e-03
   1.8613010675997497e-03
   1.6904219853556472e-03
   1.5313069860417433e-03
   1.3827755672391234e-03
   1.2436974215593712e-03
   1.1130650905354306e-03
   9.8990826895854842e-04
   8.7336216917833294e-04
   7.6257720731582723e-04
   6.5681202423582125e-04
   5.5531189029986807e-04
   4.5742223495613227e-04
   3.6246650872205567e-04
   2.6984752074682195e-04
   1.7894724504268422e-04
   8.9189286997313030e-05
   1.4270854135716210e-03
   2.8096137706066344e-03
   4.1055211293593826e-03
   5.2776535327724401e-03
   6.2959649499360996e-03
   7.1392711253067086e-03
   7.7962851902516079e-03
   8.2657225321931226e-03
   8.5554159307083197e-03
   8.6806072551583943e-03
   8.6617356064698382e-03
   8.5220957966552890e-03
   8.2857422719902277e-03
   7.9757700339055868e-03
   7.6131934901312722e-03
   7.2162169978320862e-03
   6.8000469290278821e-03
   6.3768398972913207e-03
   5.9560389245133134e-03
   5.5446268002341250e-03
   5.1475958267074712e-03
   4.7682486895004985e-03
   4.4086011091993959e-03
   4.0696521657915766e-03
   3.7516540639002706e-03
   3.4543252051924891e-03
   3.1769694303099964e-03
   2.9186815086508942e-03
   2.6783389039344426e-03
   2.4547906208081532e-03
   2.2467893051467940e-03
   2.0531476783199939e-03
   1.8726503667890779e-03
   1.7041638247372217e-03
   1.5465863077271272e-03
   1.3988829271818529e-03
   1.2600678463084746e-03
   1.1292153913174980e-03
   1.0054836347833109e-03
   8.8802906237294777e-04
   7.7611770976593482e-04
   6.6899763576013058e-04
   5.6601625975415560e-04
   4.6649473765278913e-04
   3.6983743154594473e-04
   2.7542353518929708e-04
   1.8269544454468912e-04
   9.1066788089767936e-05
   1.2214578374458577e-03
   2.4073700166831954e-03
   3.5241522353991598e-03
   4.5420424043711187e-03
   5.4367450421713868e-03
   6.1907011561261951e-03
   6.7938154216948292e-03
   7.2435555622051536e-03
   7.5443552978271345e-03
   7.7064974162048602e-03
   7.7445726852496174e-03
   7.6758850845744043e-03
   7.5188417947079783e-03
   7.2917211445365886e-03
   7.0116163578749936e-03
   6.6938803636315851e-03
   6.3517096194695890e-03
   5.9961229789782036e-03
   5.6359599672715192e-03
   5.2781458423043952e-03
   4.9278578048483953e-03
   4.5888720600534344e-03
   4.2637225557680394e-03
   3.9540294372360299e-03
   3.6606458608178408e-03
   3.3838738081366521e-03
   3.1235784114420967e-03
   2.8793246750994229e-03
   2.6504661437936061e-03
   2.4361954967435733e-03
   2.2356514028065992e-03
   2.0478882543897349e-03
   1.8719888964993465e-03
   1.7069857014363502e-03
   1.5519914929476894e-03
   1.4061036232755808e-03
   1.2684756451751757e-03
   1.1382930030451510e-03
   1.0147818164842487e-03
   8.9721144229991401e-04
   7.8486693361483318e-04
   6.7710597457343064e-04
   5.7326077530383342e-04
   4.7275516658309193e-04
   3.7496494461963743e-04
   2.7935474263057888e-04
   1.8534420985700739e-04
   9.2406389832709322e-05
   1.0513747822057870e-03
   2.0742562232811306e-03
   3.0416744779537125e-03
   3.9296188071415031e-03
   4.7182746751953317e-03
   5.3929730353318578e-03
   5.9447250491625227e-03
   6.3703289971055203e-03
   6.6719601928296223e-03
   6.8564544265842849e-03
   6.9341946794442798e-03
   6.9180300616847332e-03
   6.8220489914158338e-03
   6.6606563916578208e-03
   6.4477007331863907e-03
   6.1959784793496637e-03
   5.9168242890444917e-03
   5.6199824318803795e-03
   5.3135698670911105e-03
   5.0041387968635465e-03
   4.6968688044387802e-03
   4.3956591900968086e-03
   4.1034140831878044e-03
   3.8220971665666615e-03
   3.5530409710936646e-03
   3.2969457550941945e-03
   3.0541420680847268e-03
   2.8245726365110891e-03
   2.6079726355551307e-03
   2.4038738195659372e-03
   2.2116881554364904e-03
   2.0307650399330078e-03
   1.8603765406627600e-03
   1.6997985915611414e-03
   1.5482671751997476e-03
   1.4050644277976024e-03
   1.2694361246644570e-03
   1.1406991592036828e-03
   1.0181632094273714e-03
   9.0116795672762543e-04
   7.8908735364361824e-04
   6.8129855361492441e-04
   5.7723268418065257e-04
   4.7630020875610710e-04
   3.7797045850020898e-04
   2.8168628085637186e-04
   1.8694695834301026e-04
   9.3214561384061652e-05
   9.0978506809616042e-04
   1.7966042852082093e-03
   2.6386706459930629e-03
   3.4164817580716084e-03
   4.1137618161365850e-03
   4.7181832538947220e-03
   5.2217827425178687e-03
   5.6210508406714802e-03
   5.9167020498015373e-03
   6.1131326367296892e-03
   6.2177215442584871e-03
   6.2399674771345115e-03
   6.1906677176127786e-03
   6.0811304984346951e-03
   5.9225517038630944e-03
   5.7254975533128942e-03
   5.4996266254783242e-03
   5.2534244234806859e-03
   4.9941982723489681e-03
   4.7280097246671414e-03
   4.4598194259463653e-03
   4.1935408378834310e-03
   3.9321774203197046e-03
   3.6779643900549130e-03
   3.4324751018959634e-03
   3.1967756618330148e-03
   2.9714714692915195e-03
   2.7568765301253738e-03
   2.5529779423498883e-03
   2.3596253863110406e-03
   2.1764623594404176e-03
   2.0030796015699319e-03
   1.8389536346575398e-03
   1.6835261936669298e-03
   1.5362141884925548e-03
   1.3964053685375523e-03
   1.2635052664813650e-03
   1.1368968869950378e-03
   1.0160039052939291e-03
   9.0022757913791294e-04
   7.8901597061709018e-04
   6.8180882256517429e-04
   5.7807119904774464e-04
   4.7728704469557977e-04
   3.7893039976872006e-04
   2.8251759138758677e-04
   1.8754278127460004e-04
   9.3532297986294817e-05
   7.9116278383235079e-04
   1.5637052034624831e-03
   2.2999268658668907e-03
   2.9838757630152911e-03
   3.6021124891147745e-03
   4.1442154215925739e-03
   4.6031669568606451e-03
   4.9753895732609918e-03
   5.2606472330486284e-03
   5.4616525262744398e-03
   5.5835794486803775e-03
   5.6334505849820584e-03
   5.6195105098891564e-03
   5.5506461806050858e-03
   5.4358413988956520e-03
   5.2838334045604918e-03
   5.1027249457170874e-03
   4.8998903642150657e-03
   4.6817592435113410e-03
   4.4538824035096694e-03
   4.2208644814851707e-03
   3.9865073151708393e-03
   3.7538061966636265e-03
   3.5251078714373133e-03
   3.3021525933635033e-03
   3.0862103210503840e-03
   2.8781518484672537e-03
   2.6784840723489967e-03
   2.4874879354106379e-03
   2.3051874238879163e-03
   2.1314902174142361e-03
   1.9661373722487611e-03
   1.8088291601614313e-03
   1.6591383599564788e-03
   1.5166357788480829e-03
   1.3808375913786869e-03
   1.2512526574637696e-03
   1.1273792170011750e-03
   1.0087000144880255e-03
   8.9472248391300854e-04
   7.8493306267898605e-04
   6.7884956698093641e-04
   5.7597596063822549e-04
   4.7584637120974739e-04
   3.7797446247291749e-04
   2.8191090365065448e-04
   1.8719320187160021e-04
   9.3371849286517534e-05
   6.9116086377075817e-04
   1.3671385380309091e-03
   2.0134558509967326e-03
   2.6170029386200140e-03
   3.1665969557146405e-03
   3.6534210357451287e-03
   4.0712800900711450e-03
   4.4167042933862411e-03
   4.6888447828575498e-03
   4.8892529741384532e-03
   5.0214931392065197e-03
   5.0907449230899807e-03
   5.1032775563567001e-03
   5.0660754445750892e-03
   4.9863343065539465e-03
   4.8712279032624801e-03
   4.7275493886144507e-03
   4.5616161087066089e-03
   4.3790659339716688e-03
   4.1848595747626446e-03
   3.9832487813138183e-03
   3.7777939768391003e-03
   3.5714321797266474e-03
   3.3664885214812171e-03
   3.1648170790703430e-03
   2.9677863715536967e-03
   2.7764415311781177e-03
   2.5914617851888456e-03
   2.4133023030557524e-03
   2.2421884016401014e-03
   2.0781737140798512e-03
   1.9212065922555484e-03
   1.7710872737829407e-03
   1.6275859708135916e-03
   1.4903529755646119e-03
   1.3590578368625225e-03
   1.2332885549938550e-03
   1.1126461225296038e-03
   9.9669445174399270e-04
   8.8500430951492996e-04
   7.7714422920490995e-04
   6.7265812180648257e-04
   5.7113670531447618e-04
   4.7212204637704251e-04
   3.7521017526254786e-04
   2.7994989958279848e-04
   1.8594727327462908e-04
   9.2764502501000589e-05
   6.0634351189004084e-04
   1.2002322338936643e-03
   1.7697600763157441e-03
   2.3040831847533885e-03
   2.7938610528238307e-03
   3.2315916756021500e-03
   3.6118399193376563e-03
   3.9313027273552891e-03
   4.1887878907334959e-03
   4.3850214482153141e-03
   4.5224239436311951e-03
   4.6047584118146315e-03
   4.6368212278336662e-03
   4.6240437347846147e-03
   4.5722230073860452e-03
   4.4871945133210410e-03
   4.3746567236447849e-03
   4.2399587480252557e-03
   4.0880279004790491e-03
   3.9232411802554113e-03
   3.7494653743580185e-03
   3.5699876311451034e-03
   3.3876075133679831e-03
   3.2045969556905706e-03
   3.0227988566668552e-03
   2.8436765549159442e-03
   2.6683409247606916e-03
   2.4976192341725147e-03
   2.3320744450458395e-03
   2.1720901655368965e-03
   2.0178502273536431e-03
   1.8694280089106431e-03
   1.7267822602102729e-03
   1.5897652739503346e-03
   1.4581778936574963e-03
   1.3317522255129376e-03
   1.2102198669947100e-03
   1.0932222663793880e-03
   9.8042442819383491e-04
   8.7145607319780865e-04
   7.6594232273303900e-04
   6.6350198572560990e-04
   5.6374231134511462e-04
   4.6629493372139921e-04
   3.7073998833453458e-04
   2.7673124614336264e-04
   1.8384681633754380e-04
   9.1738887442855592e-05
   5.3398094989574180e-04
   1.0576856388852997e-03
   1.5612690356191922e-03
   2.0357107136786800e-03
   2.4731723952251530e-03
   2.8672529286242606e-03
   3.2131851843220419e-03
   3.5078880021275523e-03
   3.7499826045058406e-03
   3.9396300327897149e-03
   4.0784227752883135e-03
   4.1690656766883508e-03
   4.2152052083787271e-03
   4.2210786714105015e-03
   4.1913194748845620e-03
   4.1306909700951789e-03
   4.0439242446184010e-03
   3.9355663076980482e-03
   3.8098457396638702e-03
   3.6706418588425848e-03
   3.5213839047177485e-03
   3.3651184357270845e-03
   3.2044132869096117e-03
   3.0414839472083150e-03
   2.8781048369905635e-03
   2.7157700431866658e-03
   2.5556263787761980e-03
   2.3985739729605413e-03
   2.2452860774181929e-03
   2.0962252376155251e-03
   1.9517090208871866e-03
   1.8118918341670943e-03
   1.6768484841971718e-03
   1.5465359515222841e-03
   1.4208410996021028e-03
   1.2996089706623561e-03
   1.1826164210926584e-03
   1.0696194858691600e-03
   9.6032492145415053e-04
   8.5445117573016381e-04
   7.5166700280382588e-04
   6.5163387027471664e-04
   5.5403562061897399e-04
   4.5850473905096050e-04
   3.6472359821082832e-04
   2.7232018039981677e-04
   1.8096985848932738e-04
   9.0310302528569302e-05
   4.7189274445386153e-04
   9.3526033613260139e-04
   1.3819153626405986e-03
   1.8043182391169826e-03
   2.1958593782692359e-03
   2.5510624593476964e-03
   2.8657471394205017e-03
   3.1370814923270289e-03
   3.3635942118281437e-03
   3.5450933031494101e-03
   3.6825371687446980e-03
   3.7778763112717344e-03
   3.8338403763046366e-03
   3.8537462675941126e-03
   3.8412758025424174e-03
   3.8003256475567233e-03
   3.7347915867377789e-03
   3.6485364984846754e-03
   3.5451709337798246e-03
   3.4280966107333023e-03
   3.3003542427744886e-03
   3.1646889201358760e-03
   3.0234974673167742e-03
   2.8788207092425183e-03
   2.7324029956118110e-03
   2.5856724020639657e-03
   2.4398207267327006e-03
   2.2957642014752593e-03
   2.1542559253894863e-03
   2.0158156866198224e-03
   1.8808432852866286e-03
   1.7495818226733783e-03
   1.6221801486427799e-03
   1.4986889483395267e-03
   1.3790622818011589e-03
   1.2632261364417256e-03
   1.1510403371615390e-03
   1.0423143345504433e-03
   9.3683200596673152e-04
   8.3435670546487073e-04
   7.3461208214942826e-04
   6.3733087195045745e-04
   5.4221030701542806e-04
   4.4896480365264101e-04
   3.5728061282460521e-04
   2.6685601875574825e-04
   1.7737770113543039e-04
   8.8532464182094277e-05
   4.1832969178710281e-04
   8.2955029461882030e-04
   1.2268138396936174e-03
   1.6037943127845278e-03
   1.9548844193871115e-03
   2.2753996826369695e-03
   2.5616594216852410e-03
   2.8110982472915138e-03
   3.0222194473302931e-03
   3.1946000754108032e-03
   3.3287562852693325e-03
   3.4260538374464170e-03
   3.4885337179739778e-03
   3.5187753937468589e-03
   3.5197118201342661e-03
   3.4944980190108042e-03
   3.4463799562913212e-03
   3.3785764273364031e-03
   3.2942048862374513e-03
   3.1961926763674911e-03
   3.0872475355110322e-03
   2.9698068550152597e-03
   2.8460669529791005e-03
   2.7179198851305722e-03
   2.5870140341501960e-03
   2.4547270705538812e-03
   2.3222199246153799e-03
   2.1904479718345550e-03
   2.0601577360446618e-03
   1.9319554761298937e-03
   1.8062666109661272e-03
   1.6834134652241259e-03
   1.5636013393610399e-03
   1.4469501826559182e-03
   1.3334929428212813e-03
   1.2232021457417633e-03
   1.1160044565613255e-03
   1.0117659006947030e-03
   9.1033206239746276e-04
   8.1151074507926845e-04
   7.1509374837855908e-04
   6.2083550004672433e-04
   5.2850993183963955e-04
   4.3784145376100323e-04
   3.4857803067920321e-04
   2.6044517701151899e-04
   1.7315246311455149e-04
   8.6438502986952221e-05
   3.7187846715766782e-04
   7.3779731086196106e-04
   1.0920047973918985e-03
   1.4291607529404006e-03
   1.7445021947520942e-03
   2.0339924301278271e-03
   2.2944152162367934e-03
   2.5234326278234915e-03
   2.7196004628555299e-03
   2.8823312658941627e-03
   3.0118425642653378e-03
   3.1090490352706133e-03
   3.1754811351296479e-03
   3.2131097692850727e-03
   3.2242978929651724e-03
   3.2115746520609018e-03
   3.1776432906060223e-03
   3.1251843683321734e-03
   3.0568704069995388e-03
   2.9752216729881801e-03
   2.8826128812702613e-03
   2.7812240114350275e-03
   2.6730287945133484e-03
   2.5597778441504735e-03
   2.4429940111158751e-03
   2.3240019213859866e-03
   2.2039002594226660e-03
   2.0836500252029194e-03
   1.9640033132767897e-03
   1.8455818708889638e-03
   1.7288656391866717e-03
   1.6142040878959578e-03
   1.5018686166553574e-03
   1.3920175001018215e-03
   1.2847488018331119e-03
   1.1800850471427209e-03
   1.0779933129065153e-03
   9.7841274926958378e-04
   8.8120801373631967e-04
   7.8626046407618199e-04
   6.9338584940233246e-04
   6.0240744801824133e-04
   5.1312814625129955e-04
   4.2531304887252866e-04
   3.3875436814102355e-04
   2.5319419549657248e-04
   1.6837632474964721e-04
   8.4069084651163030e-05
   3.3138686598160872e-04
   6.5775191907222559e-04
   9.7424728607161759e-04
   1.2763379903991312e-03
   1.5599711765530416e-03
   1.8216537903273404e-03
   2.0585763853106149e-03
   2.2686213275859902e-03
   2.4504185103741724e-03
   2.6032863182139077e-03
   2.7272336706272433e-03
   2.8228401728220593e-03
   2.8912320179889260e-03
   2.9339305062218977e-03
   2.9527953303804424e-03
   2.9498935911482682e-03
   2.9274341857396901e-03
   2.8876769581399685e-03
   2.8328707004403484e-03
   2.7652158589164498e-03
   2.6867583051468007e-03
   2.5994550958197129e-03
   2.5050463694887915e-03
   2.4051602269209086e-03
   2.3011822447768383e-03
   2.1943487046782425e-03
   2.0857291664863778e-03
   1.9762355209425094e-03
   1.8666236209706200e-03
   1.7575129408100682e-03
   1.6494099869956385e-03
   1.5426874640131624e-03
   1.4376515392626106e-03
   1.3345092310917720e-03
   1.2333997172666209e-03
   1.1343759246796167e-03
   1.0374709986524298e-03
   9.4263909985524950e-04
   8.4982677920205014e-04
   7.5891098598908227e-04
   6.6978173713634571e-04
   5.8230404124084772e-04
   4.9628215627478816e-04
   4.1156475265504165e-04
   3.2793219751579025e-04
   2.4517548514131301e-04
   1.6308955573630230e-04
   8.1430723187620829e-05
   2.9591183636917107e-04
   5.8757621337371673e-04
   8.7088125661740831e-04
   1.1419727460314640e-03
   1.3973759260822078e-03
   1.6340751693178748e-03
   1.8496026254650297e-03
   2.0420577868356833e-03
   2.2101484385706307e-03
   2.3531618259600563e-03
   2.4709400998406236e-03
   2.5638459674014679e-03
   2.6326656213124956e-03
   2.6785849072331457e-03
   2.7030581471549557e-03
   2.7077701964120368e-03
   2.6945231873950013e-03
   2.6652185780476605e-03
   2.6217519483554053e-03
   2.5660127570904718e-03
   2.4997893799222123e-03
   2.4247916972082325e-03
   2.3425928257239464e-03
   2.2546344492675365e-03
   2.1622232705869769e-03
   2.0664814860637697e-03
   1.9684370355011207e-03
   1.8689392711101170e-03
   1.7687338026512291e-03
   1.6684362843850525e-03
   1.5685501186610410e-03
   1.4694842418984423e-03
   1.3715379662212247e-03
   1.2749681677360373e-03
   1.1799381629681407e-03
   1.0865479356566973e-03
   9.9484060775731592e-04
   9.0484587229693449e-04
   8.1650529762508466e-04
   7.2977496354175125e-04
   6.4456179829221617e-04
   5.6074482353401665e-04
   4.7818811998386122e-04
   3.9673160795705963e-04
   3.1622968157149142e-04
   2.3648599181658682e-04
   1.5732813473950344e-04
   7.8564252363017963e-05
   2.6468426612135857e-04
   5.2576040944683300e-04
   7.7972878099283338e-04
   1.0232993238413100e-03
   1.2534846124264516e-03
   1.4676764012903937e-03
   1.6637011603959462e-03
   1.8398643227792275e-03
   1.9949556311126197e-03
   2.1282592560150212e-03
   2.2395189353737344e-03
   2.3289124123131734e-03
   2.3969995926264474e-03
   2.4446735209371915e-03
   2.4730821545941931e-03
   2.4835849676655315e-03
   2.4776697893806160e-03
   2.4568997721460448e-03
   2.4229057578431367e-03
   2.3772771468309997e-03
   2.3215947602433459e-03
   2.2573312067473632e-03
   2.1858987869312193e-03
   2.1085946269434447e-03
   2.0265949022397643e-03
   1.9409490403934420e-03
   1.8525982183442173e-03
   1.7623590650393149e-03
   1.6709360341391284e-03
   1.5789436454706856e-03
   1.4868699613650341e-03
   1.3951293839642126e-03
   1.3040479159878106e-03
   1.2138824733547882e-03
   1.1248368312132102e-03
   1.0370021530268932e-03
   9.5049762442320164e-04
   8.6535801137399874e-04
   7.8157357545960199e-04
   6.9912882753074470e-04
   6.1794566895675138e-04
   5.3793336608429253e-04
   4.5899389216958017e-04
   3.8097654713127891e-04
   3.0376892899652814e-04
   2.2722607318512617e-04
   1.5117273904210676e-04
   7.5506463131096968e-05
   2.3706355360278290e-04
   4.7105237729942224e-04
   6.9897171866802857e-04
   9.1801115591448785e-04
   1.1255869996747206e-03
   1.3194446630213016e-03
   1.4976671598037818e-03
   1.6587427127726685e-03
   1.8015566840982493e-03
   1.9254006316136727e-03
   2.0299626561060759e-03
   2.1152851538510432e-03
   2.1817550845864911e-03
   2.2300274292949805e-03
   2.2610262230473100e-03
   2.2758177302752767e-03
   2.2756492528884444e-03
   2.2618049633127608e-03
   2.2356705730682195e-03
   2.1985953121470480e-03
   2.1519571319418172e-03
   2.0970395826066589e-03
   2.0350799008530024e-03
   1.9672503693352566e-03
   1.8946044924198502e-03
   1.8181215549260181e-03
   1.7386486305153879e-03
   1.6569627365637947e-03
   1.5737301341598919e-03
   1.4895323019935302e-03
   1.4048554644265530e-03
   1.3201154166055632e-03
   1.2356258675485954e-03
   1.1516769784820937e-03
   1.0684548383991875e-03
   9.8612622081446235e-04
   9.0479429032449459e-04
   8.2451497331625641e-04
   7.4533587924742375e-04
   6.6722110216487515e-04
   5.9014525904453553e-04
   5.1404907967682204e-04
   4.3882812413206405e-04
   3.6441175940194717e-04
   2.9066579072249351e-04
   2.1747663288528243e-04
   1.4474599433482175e-04
   7.2288861119262942e-05
   2.1251757099035091e-04
   4.2240225170278567e-04
   6.2709456046537064e-04
   8.2416942797012064e-04
   1.0114075673366431e-03
   1.1868358203876274e-03
   1.3487801030252081e-03
   1.4958828410428649e-03
   1.6271277608940326e-03
   1.7418300662960819e-03
   1.8396459035858602e-03
   1.9205183299674947e-03
   1.9847081625734915e-03
   2.0326856041852433e-03
   2.0651775780247948e-03
   2.0830471831996180e-03
   2.0873045285851196e-03
   2.0790301544827776e-03
   2.0593762589699331e-03
   2.0295083054826502e-03
   1.9905988727702147e-03
   1.9437760897936330e-03
   1.8901308645388735e-03
   1.8307096845144857e-03
   1.7664511431783607e-03
   1.6982645056510066e-03
   1.6269120122275208e-03
   1.5531057896024350e-03
   1.4774894639431131e-03
   1.4005906464795057e-03
   1.3229041777420840e-03
   1.2448147978809832e-03
   1.1666631591189132e-03
   1.0887065332012044e-03
   1.0111793230869854e-03
   9.3425386375927592e-04
   8.5803834274405632e-04
   7.8261394658805212e-04
   7.0803386604896274e-04
   6.3428302430783789e-04
   5.6136518537969378e-04
   4.8924978789972786e-04
   4.1785776527990693e-04
   3.4715088846423828e-04
   2.7700584160621563e-04
   2.0734019734130227e-04
   1.3804574429263457e-04
   6.8955683494105273e-05
   1.9060114694420557e-04
   3.7894449805599904e-04
   5.6282649030169041e-04
   7.4016442816398189e-04
   9.0902890180248564e-04
   1.0677109481673562e-03
   1.2147282543035190e-03
   1.3488807874795523e-03
   1.4692320459134733e-03
   1.5751459690907612e-03
   1.6662440729194271e-03
   1.7424340998595815e-03
   1.8038378680074124e-03
   1.8508292468477072e-03
   1.8839423058302389e-03
   1.9038888959132744e-03
   1.9114821827746517e-03
   1.9076348670632925e-03
   1.8932893269346383e-03
   1.8694627780434009e-03
   1.8371462475112322e-03
   1.7973350392587858e-03
   1.7509863611941039e-03
   1.6990063610054524e-03
   1.6422757989984545e-03
   1.5815733122721241e-03
   1.5176132459812956e-03
   1.4510589456753118e-03
   1.3824957141763169e-03
   1.3124366422392938e-03
   1.2413320564286848e-03
   1.1695764380573706e-03
   1.0974694113266127e-03
   1.0253066721168257e-03
   9.5331966383816846e-04
   8.8167156839159865e-04
   8.1048981598845320e-04
   7.3986860424293387e-04
   6.6986490209222313e-04
   6.0051194363782052e-04
   5.3180221930410011e-04
   4.6372712126248902e-04
   3.9626168662212701e-04
   3.2932818756888283e-04
   2.6288716727084470e-04
   1.9683257058107637e-04
   1.3105578956408985e-04
   6.5488128564523577e-05
   1.7094251873047187e-04
   3.3994077085306340e-04
   5.0510247452141175e-04
   6.6462051295227038e-04
   8.1683266354195963e-04
   9.6023770256544231e-04
   1.0935411785419665e-03
   1.2156694474678754e-03
   1.3257736661895438e-03
   1.4232634235605370e-03
   1.5077503191415086e-03
   1.5791095126776410e-03
   1.6373799627488711e-03
   1.6828353964301402e-03
   1.7158735025351785e-03
   1.7370793011503363e-03
   1.7471004395369196e-03
   1.7467020616941753e-03
   1.7366834036619283e-03
   1.7178882239556701e-03
   1.6911882999725287e-03
   1.6574327730481887e-03
   1.6174731799733016e-03
   1.5720864753734104e-03
   1.5220723795378805e-03
   1.4681247411049588e-03
   1.4109087137502254e-03
   1.3510202554022372e-03
   1.2889978048475470e-03
   1.2253157732837695e-03
   1.1604109676759909e-03
   1.0946394346231332e-03
   1.0283313760133415e-03
   9.6175511276892138e-04
   8.9512109175726294e-04
   8.2862367817305885e-04
   7.6238074857522319e-04
   6.9649360569729577e-04
   6.3104519443917700e-04
   5.6607646495455662e-04
   5.0160462693639636e-04
   4.3763191443164386e-04
   3.7413367237723003e-04
   3.1106946699761107e-04
   2.4838206932720365e-04
   1.8599973596167442e-04
   1.2385671481812523e-04
   6.1887428309586324e-05
   1.5322322479524472e-04
   3.0477359210437079e-04
   4.5300999053165847e-04
   5.9638248558172686e-04
   7.3343206425839299e-04
   8.6286602001048600e-04
   9.8352992189389339e-04
   1.0944821576604400e-03
   1.1949492998576813e-03
   1.2843837398203348e-03
   1.3624114544156993e-03
   1.4288736689606020e-03
   1.4837595931833742e-03
   1.5272588735888047e-03
   1.5596706303325448e-03
   1.5814543666159734e-03
   1.5931549451842541e-03
   1.5953895365145563e-03
   1.5888423295536283e-03
   1.5742184141448170e-03
   1.5522732751923124e-03
   1.5237345729881371e-03
   1.4893427077279366e-03
   1.4497939809770038e-03
   1.4057849872009085e-03
   1.3579445588596040e-03
   1.3068734365463816e-03
   1.2531155573358614e-03
   1.1971367112773718e-03
   1.1394176783722449e-03
   1.0803279444390828e-03
   1.0202389567458303e-03
   9.5947563346234063e-04
   8.9826131118825553e-04
   8.3681046312422290e-04
   7.7532130396815093e-04
   7.1390072043786155e-04
   6.5267987553184990e-04
   5.9175174235476800e-04
   5.3114409480483249e-04
   4.7092201882660805e-04
   4.1106223715045939e-04
   3.5157580255135363e-04
   2.9243393871712740e-04
   2.3355032489665969e-04
   1.7492758912029217e-04
   1.1650553287127571e-04
   5.8204869855696283e-05
   1.3717678834613639e-04
   2.7290692247428067e-04
   4.0578140991912433e-04
   5.3444444875242066e-04
   6.5764708789940046e-04
   7.7423941155213029e-04
   8.8323033136267952e-04
   9.8376079266748674e-04
   1.0751576357604074e-03
   1.1568959284325166e-03
   1.2286380897403477e-03
   1.2901879239867555e-03
   1.3415258674352199e-03
   1.3827429612941397e-03
   1.4140957785902240e-03
   1.4359213687985921e-03
   1.4486754380695650e-03
   1.4528715821874147e-03
   1.4490779638932111e-03
   1.4378919710301219e-03
   1.4199518136637646e-03
   1.3959009188260455e-03
   1.3663690969733047e-03
   1.3319801890944959e-03
   1.2933290294291438e-03
   1.2510022857642512e-03
   1.2055249162398409e-03
   1.1573751169683985e-03
   1.1070158045538353e-03
   1.0548446899291001e-03
   1.0012441749622672e-03
   9.4656390685631388e-04
   8.9107088990193631e-04
   8.3498546159391479e-04
   7.7853814558322045e-04
   7.2190531566296539e-04
   6.6522095367622361e-04
   6.0860577415500303e-04
   5.5213780464321281e-04
   4.9588200141479646e-04
   4.3987711641474284e-04
   3.8414320143266540e-04
   3.2867336196059770e-04
   2.7345394553792823e-04
   2.1845770242201557e-04
   1.6366645120279331e-04
   1.0903295769098947e-04
   5.4485102690873591e-05
   1.2257166805720431e-04
   2.4389589952749231e-04
   3.6274960101303068e-04
   4.7796681160942992e-04
   5.8845230598216479e-04
   6.9321420693595637e-04
   7.9137150184732208e-04
   8.8217304588642236e-04
   9.6500958496270844e-04
   1.0394042484089781e-03
   1.1050393689841550e-03
   1.1617140698108543e-03
   1.2093791728221121e-03
   1.2480913255623078e-03
   1.2780251404018598e-03
   1.2994598919186067e-03
   1.3127557692850134e-03
   1.3183433902723247e-03
   1.3166910415103113e-03
   1.3083196924186956e-03
   1.2937479139866321e-03
   1.2735481916789756e-03
   1.2482570533263780e-03
   1.2184286489985293e-03
   1.1845723920067121e-03
   1.1472106385284168e-03
   1.1068241833763731e-03
   1.0638441897440570e-03
   1.0186748328870614e-03
   9.7170110182805700e-04
   9.2328209022072964e-04
   8.7370160581522183e-04
   8.2321773679078084e-04
   7.7207149970224534e-04
   7.2045705922895136e-04
   6.6854085942426582e-04
   6.1648640575162270e-04
   5.6438446276872701e-04
   5.1231748103424746e-04
   4.6036898979639736e-04
   4.0857709703411195e-04
   3.5696009020486183e-04
   3.0551584629623038e-04
   2.5425077905197243e-04
   2.0317726125183998e-04
   1.5224755557787678e-04
   1.0143007129418381e-04
   5.0702583216808544e-05
   1.0921398435518880e-04
   2.1734791249724807e-04
   3.2335428299607642e-04
   4.2620914250681335e-04
   5.2498111748387234e-04
   6.1878374164930038e-04
   7.0686842320422962e-04
   7.8854994988672065e-04
   8.6330340979502750e-04
   9.3068373275790206e-04
   9.9040106797644058e-04
   1.0422577936149056e-03
   1.0861854284800697e-03
   1.1222084061205868e-03
   1.1504535655362991e-03
   1.1711392579489696e-03
   1.1845443568795596e-03
   1.1910515680506881e-03
   1.1910231194570183e-03
   1.1849216280785382e-03
   1.1731719581850868e-03
   1.1562711273846570e-03
   1.1346822756547028e-03
   1.1088771383473311e-03
   1.0793212510707599e-03
   1.0464542599132271e-03
   1.0107169889931773e-03
   9.7248063191781990e-04
   9.3213823542229982e-04
   8.9004075658880141e-04
   8.4648147827737230e-04
   8.0172130218555547e-04
   7.5602695174372141e-04
   7.0962097905771337e-04
   6.6267773220607190e-04
   6.1535370705244276e-04
   5.6779934713727413e-04
   5.2011606441605012e-04
   4.7237866692865138e-04
   4.2470974025883405e-04
   3.7710219172044625e-04
   3.2957353235321961e-04
   2.8217915396748906e-04
   2.3489894047074421e-04
   1.8775300795549518e-04
   1.4070692702365683e-04
   9.3737188691060580e-05
   4.6861256799096945e-05
   9.6927236164985356e-05
   1.9292748311023483e-04
   2.8708491171411935e-04
   3.7853435793787479e-04
   4.6644277376559025e-04
   5.5007121897314220e-04
   6.2873045738301957e-04
   7.0185492066120365e-04
   7.6894283393674431e-04
   8.2962620485116313e-04
   8.8361215806656947e-04
   9.3073060819225757e-04
   9.7089034514983110e-04
   1.0041033049036704e-03
   1.0304485393399117e-03
   1.0500992174614131e-03
   1.0632843886499565e-03
   1.0702954055938504e-03
   1.0714737062668942e-03
   1.0671717422533554e-03
   1.0577731445674721e-03
   1.0436820840198616e-03
   1.0253158437284594e-03
   1.0030763776653338e-03
   9.7736307822675838e-04
   9.4856816106055465e-04
   9.1706773868428446e-04
   8.8322311351174507e-04
   8.4738644870503991e-04
   8.0984221082747523e-04
   7.7084755782882140e-04
   7.3067517290590581e-04
   6.8956548156674812e-04
   6.4770773257881594e-04
   6.0526604863113344e-04
   5.6239688944215854e-04
   5.1924469469216868e-04
   4.7590178082954646e-04
   4.3246174553708533e-04
   3.8898911258984203e-04
   3.4549893296441624e-04
   3.0205269352008178e-04
   2.5869774300053713e-04
   2.1541282090802019e-04
   1.7221388139512897e-04
   1.2908995587019491e-04
   8.6020567772361549e-05
   4.3005255288518609e-05
   8.5567477194517722e-05
   1.7033493604591809e-04
   2.5352352281229120e-04
   3.3437341537831736e-04
   4.1218440066747116e-04
   4.8629416643598247e-04
   5.5612726669350030e-04
   6.2116525304107292e-04
   6.8098680043958502e-04
   7.3524753621883752e-04
   7.8369075124641889e-04
   8.2615475676226153e-04
   8.6254203902332905e-04
   8.9285274639674462e-04
   9.1713806945826245e-04
   9.3552410799347177e-04
   9.4819857466500268e-04
   9.5539925286326256e-04
   9.5740455776335397e-04
   9.5451871007273923e-04
   9.4706679381158481e-04
   9.3538111538695736e-04
   9.1982263757394193e-04
   9.0074188883211591e-04
   8.7848652311038492e-04
   8.5337550981267327e-04
   8.2576269117166077e-04
   7.9599862566468436e-04
   7.6434223505863878e-04
   7.3105348291465657e-04
   6.9639136930453236e-04
   6.6059096555811769e-04
   6.2385206903855140e-04
   5.8636310299771410e-04
   5.4828184029748835e-04
   5.0974729318056192e-04
   4.7088076135969596e-04
   4.3180319296297733e-04
   3.9257742180030157e-04
   3.5323161944984251e-04
   3.1385173402729525e-04
   2.7448894250840431e-04
   2.3514630360655677e-04
   1.9584997705043974e-04
   1.5659974084680558e-04
   1.1740274955271708e-04
   7.8249871239672084e-05
   3.9115183114626382e-05
   7.5001408284782565e-05
   1.4932126106662871e-04
   2.2228374740707521e-04
   2.9325138009563277e-04
   3.6160506553910846e-04
   4.2679377940981530e-04
   4.8830095058631192e-04
   5.4569202437000132e-04
   5.9858820471209260e-04
   6.4668638833818251e-04
   6.8976599502384918e-04
   7.2765562858704050e-04
   7.6029257911709768e-04
   7.8762757220171803e-04
   8.0972861666843703e-04
   8.2666057038920712e-04
   8.3859522064503537e-04
   8.4569847343084323e-04
   8.4823692909943643e-04
   8.4643174646266319e-04
   8.4058052586725909e-04
   8.3095294614244232e-04
   8.1784822747785733e-04
   8.0158201697880141e-04
   7.8241700865449464e-04
   7.6068466390809275e-04
   7.3667440739354098e-04
   7.1066646291669238e-04
   6.8291037075830872e-04
   6.5363811646798077e-04
   6.2308387604791105e-04
   5.9144525098348054e-04
   5.5889210549472598e-04
   5.2561077007600245e-04
   4.9175267068222648e-04
   4.5742968162290371e-04
   4.2276975795382024e-04
   3.8785280786236549e-04
   3.5274749230192572e-04
   3.1750820938193137e-04
   2.8221789934973284e-04
   2.4690503887968399e-04
   2.1156056161915603e-04
   1.7624104284037637e-04
   1.4094589312645304e-04
   1.0567143025419561e-04
   7.0435045064408218e-05
   3.5205605930314820e-05
   6.5116894877984016e-05
   1.2965251623920764e-04
   1.9303882565374771e-04
   2.5472304689417137e-04
   3.1419070198351353e-04
   3.7095552644943154e-04
   4.2459073187192913e-04
   4.7470642251785618e-04
   5.2098760570060240e-04
   5.6315981521054732e-04
   6.0103121192375505e-04
   6.3445009154785843e-04
   6.6334507665630367e-04
   6.8767907005019607e-04
   7.0748825462455976e-04
   7.2282588899355528e-04
   7.3382326409508834e-04
   7.4061945150329415e-04
   7.4341293874088477e-04
   7.4242467369917771e-04
   7.3787061705234548e-04
   7.2999184531991025e-04
   7.1903530921624541e-04
   7.0525702334886466e-04
   6.8891483062070015e-04
   6.7027959248631129e-04
   6.4958381157771922e-04
   6.2708631648739001e-04
   6.0299466858992272e-04
   5.7751773184773990e-04
   5.5086076743564956e-04
   5.2318423525014987e-04
   4.9466033188086953e-04
   4.6545482123572777e-04
   4.3568839073251112e-04
   4.0547737123486046e-04
   3.7491578097031600e-04
   3.4408138460736005e-04
   3.1305153016310499e-04
   2.8187225039327948e-04
   2.5060661511002000e-04
   2.1929827501252145e-04
   1.8794986115000739e-04
   1.5660872806477877e-04
   1.2527135856443434e-04
   9.3932723801034144e-05
   6.2613272833450417e-05
   3.1301948714561660e-05
   5.5810047178189885e-05
   1.1113308335847019e-04
   1.6548569497490726e-04
   2.1841127984379170e-04
   2.6946365078897447e-04
   3.1824689253246965e-04
   3.6438161413309566e-04
   4.0755532812889166e-04
   4.4747839624963853e-04
   4.8393405487964921e-04
   5.1673760883339144e-04
   5.4576844902433472e-04
   5.7095249320310575e-04
   5.9225537671820294e-04
   6.0970132555356613e-04
   6.2333146686536416e-04
   6.3324020924244604e-04
   6.3954312974636004e-04
   6.4240178156753955e-04
   6.4198339254081674e-04
   6.3848903837455766e-04
   6.3210850886860799e-04
   6.2303271349356927e-04
   6.1149593657971318e-04
   5.9772780752101462e-04
   5.8193506383873335e-04
   5.6432521915114890e-04
   5.4510032286522530e-04
   5.2445500677207829e-04
   5.0257737489740678e-04
   4.7963162820103194e-04
   4.5577059070059964e-04
   4.3113616631070640e-04
   4.0585979225352912e-04
   3.8007977964371885e-04
   3.5387563161371068e-04
   3.2732304774200596e-04
   3.0050541943365329e-04
   2.7348527797863400e-04
   2.4632264691806159e-04
   2.1906183041302434e-04
   1.9173158491037426e-04
   1.6436337894633625e-04
   1.3697264970429705e-04
   1.0957436950727548e-04
   8.2174833552056049e-05
   5.4780055897091461e-05
   2.7388916094481401e-05
   4.6990210476305265e-05
   9.3574493058255176e-05
   1.3935959104361941e-04
   1.8395511153868855e-04
   2.2700572879612389e-04
   2.6816456565779078e-04
   3.0713350399909351e-04
   3.4363411821743118e-04
   3.7743659628941144e-04
   4.0835053037975751e-04
   4.3621671950582537e-04
   4.6094476166826830e-04
   4.8244107041358182e-04
   5.0071472514050610e-04
   5.1573020400613907e-04
   5.2757148399606025e-04
   5.3626297626297229e-04
   5.4192977380933466e-04
   5.4466766524209707e-04
   5.4464128283283929e-04
   5.4199363503646010e-04
   5.3688271902314736e-04
   5.2949109930971018e-04
   5.1998279232153477e-04
   5.0856539904491137e-04
   4.9540617782934499e-04
   4.8068167832291753e-04
   4.6452910363793085e-04
   4.4714766073575827e-04
   4.2870390380023518e-04
   4.0931777977047228e-04
   3.8912665761237986e-04
   3.6825395040782798e-04
   3.4681111753938522e-04
   3.2489530397512487e-04
   3.0260660312285013e-04
   2.7999535895034341e-04
   2.5712252018293355e-04
   2.3406151539971616e-04
   2.1087718806137671e-04
   1.8758647471364180e-04
   1.6421091736024780e-04
   1.4079942002066643e-04
   1.1734966056115085e-04
   9.3878636208314531e-05
   7.0415645456779830e-05
   4.6943201108377870e-05
   2.3471600554188932e-05
   3.8570885778962160e-05
   7.6815087354625719e-05
   1.1440855292802382e-04
   1.5104384647121946e-04
   1.8642123083283430e-04
   2.2027213730347635e-04
   2.5234023189605671e-04
   2.8241104445232836e-04
   3.1028623892333468e-04
   3.3581475084414378e-04
   3.5886534248712968e-04
   3.7935280772933319e-04
   3.9721648350327321e-04
   4.1243224942410139e-04
   4.2500466647577532e-04
   4.3496128884976549e-04
   4.4234923619342959e-04
   4.4724532398590899e-04
   4.4972840059642283e-04
   4.4992043851198326e-04
   4.4794740860736368e-04
   4.4393763287781004e-04
   4.3803642368316650e-04
   4.3037873435180444e-04
   4.2114036564753246e-04
   4.1044257011081865e-04
   3.9840554170988756e-04
   3.8518675262782262e-04
   3.7093447062269040e-04
   3.5577279979730306e-04
   3.3981021935249002e-04
   3.2316430957061965e-04
   3.0594992426552969e-04
   2.8823542352105961e-04
   2.7011322125742210e-04
   2.5166011795222141e-04
   2.3290401472140493e-04
   2.1392778694802230e-04
   1.9479791183299767e-04
   1.7553811521408744e-04
   1.5617137409209672e-04
   1.3672618979630887e-04
   1.1725625722374427e-04
   9.7747936311325521e-05
   7.8208195931300204e-05
   5.8665910958370858e-05
   3.9111916912310962e-05
   1.9554285013896483e-05
   3.0478245284917562e-05
   6.0700581565040657e-05
   9.0415686842630711e-05
   1.1938027023354085e-04
   1.4736321076051767e-04
   1.7415070359506611e-04
   1.9954424182932901e-04
   2.2337409490709692e-04
   2.4548256410745459e-04
   2.6575462970278670e-04
   2.8407709186921675e-04
   3.0039519834190997e-04
   3.1463980644607688e-04
   3.2681592325805079e-04
   3.3689492362309518e-04
   3.4492858833415363e-04
   3.5092735567507149e-04
   3.5495712680509896e-04
   3.5708017464570243e-04
   3.5736915522710424e-04
   3.5593792800320110e-04
   3.5288851181055513e-04
   3.4833822819334119e-04
   3.4239459103775995e-04
   3.3517475908259559e-04
   3.2677124234621889e-04
   3.1731116577799276e-04
   3.0689142891543068e-04
   2.9563066932987745e-04
   2.8363148419575327e-04
   2.7098598827156491e-04
   2.5780397699333641e-04
   2.4414601356261164e-04
   2.3007619549215676e-04
   2.1566203958128243e-04
   2.0096481052546755e-04
   1.8603279503503258e-04
   1.7092032820836183e-04
   1.5566422977016507e-04
   1.4029220908969400e-04
   1.2483471664434873e-04
   1.0931416894848125e-04
   9.3751482766676154e-05
   7.8158045671663940e-05
   6.2540300247189884e-05
   4.6917150507368888e-05
   3.1284270568598580e-05
   1.5642096188029228e-05
   2.2640750073182784e-05
   4.5093306777988467e-05
   6.7172081542685459e-05
   8.8698336859795494e-05
   1.0950176541172964e-04
   1.2942322448694204e-04
   1.4831958716839922e-04
   1.6605852923927604e-04
   1.8253392447469013e-04
   1.9764411199033228e-04
   2.1132661155213089e-04
   2.2351108732301221e-04
   2.3418136925811573e-04
   2.4329671353892960e-04
   2.5088443132835703e-04
   2.5693078518868181e-04
   2.6148886083345068e-04
   2.6457565291371351e-04
   2.6623635726435172e-04
   2.6653807974752968e-04
   2.6554034897005471e-04
   2.6334025816786700e-04
   2.6003220719018823e-04
   2.5568664252329952e-04
   2.5035972224402399e-04
   2.4415647441346921e-04
   2.3715244061041507e-04
   2.2943712792602977e-04
   2.2106809727404070e-04
   2.1213647938426609e-04
   2.0273887025291983e-04
   1.9291959656854950e-04
   1.8274591103749582e-04
   1.7226130530367332e-04
   1.6149464708005242e-04
   1.5050428953333406e-04
   1.3935207703097061e-04
   1.2805650108022769e-04
   1.1663924399509948e-04
   1.0513177473017455e-04
   9.3562232410816188e-05
   8.1944286586591223e-05
   7.0280915599505364e-05
   5.8592463361464430e-05
   4.6893735053672389e-05
   3.5178120255316265e-05
   2.3455547564765060e-05
   1.1729829169621843e-05
   1.4991448229825139e-05
   2.9858485328408116e-05
   4.4480995690327179e-05
   5.8738096374511940e-05
   7.2522289539663331e-05
   8.5722734615698734e-05
   9.8252353118049904e-05
   1.1001511941392418e-04
   1.2095049256169781e-04
   1.3098046000622132e-04
   1.4007415502596222e-04
   1.4817407975757207e-04
   1.5527786972444394e-04
   1.6135170571449377e-04
   1.6641530296272153e-04
   1.7046149097275652e-04
   1.7352164955633590e-04
   1.7560476951595863e-04
   1.7675152175046182e-04
   1.7697886359194969e-04
   1.7634512996162103e-04
   1.7493101158214968e-04
   1.7276369987624456e-04
   1.6992028813063103e-04
   1.6642101295673121e-04
   1.6232790496501615e-04
   1.5770499432416892e-04
   1.5260237335469772e-04
   1.4706811245598952e-04
   1.4115045178871605e-04
   1.3491341678729883e-04
   1.2840870584285871e-04
   1.2165672871514884e-04
   1.1469452838725564e-04
   1.0755095390191988e-04
   1.0023586852200035e-04
   9.2814722475288291e-05
   8.5303292721019739e-05
   7.7704470399830823e-05
   7.0046030362513068e-05
   6.2338151682150332e-05
   5.4604931363419121e-05
   4.6835429683289710e-05
   3.9051883374296485e-05
   3.1264056350718983e-05
   2.3448164979693762e-05
   1.5629970265523564e-05
   7.8188319897446498e-06
   7.4649097113291914e-06
   1.4868190615491621e-05
   2.2149987428520162e-05
   2.9250763408261837e-05
   3.6116531066516281e-05
   4.2693071318139937e-05
   4.8936131793215712e-05
   5.4799102736672944e-05
   6.0250668936316015e-05
   6.5253080446893254e-05
   6.9790110607431438e-05
   7.3833206956870176e-05
   7.7382003328298437e-05
   8.0416936631879854e-05
   8.2952616444471994e-05
   8.4978226183286793e-05
   8.6517532395736463e-05
   8.7570253843323047e-05
   8.8150624625492755e-05
   8.8280722908186046e-05
   8.7975202798168243e-05
   8.7274958322865797e-05
   8.6212113841339859e-05
   8.4809797166248953e-05
   8.3064987072168904e-05
   8.1029138165695451e-05
   7.8733347800616818e-05
   7.6199258712602943e-05
   7.3437792423975526e-05
   7.0483798527309755e-05
   6.7385574153761528e-05
   6.4145081300437482e-05
   6.0777733910966807e-05
   5.7309125628280758e-05
   5.3733396926914963e-05
   5.0073508177459185e-05
   4.6381426895369879e-05
   4.2637476928732027e-05
   3.8837917991614861e-05
   3.5009724637896532e-05
   3.1162433455423014e-05
   2.7301857501645294e-05
   2.3413217821661937e-05
   1.9515584101712780e-05
   1.5625038374911993e-05
   1.1720513047216215e-05
   7.8165029591432442e-06
   3.9155285238331944e-06
